[[5.21147430e-05 5.40085248e-05 5.60488950e-05 ... 7.56137474e-02
  3.66508923e-01 1.28120761e+01]
 [5.40085249e-05 5.61025120e-05 5.82962435e-05 ... 5.98444574e-02
  1.94391135e-01 3.66508923e-01]
 [5.60488950e-05 5.82962435e-05 6.05697951e-05 ... 3.71757002e-02
  5.98444574e-02 7.56137474e-02]
 ...
 [7.56137474e-02 5.98444574e-02 3.71757002e-02 ... 6.05697951e-05
  5.82962435e-05 5.60488950e-05]
 [3.66508923e-01 1.94391135e-01 5.98444574e-02 ... 5.82962435e-05
  5.61025120e-05 5.40085249e-05]
 [1.28120761e+01 3.66508923e-01 7.56137474e-02 ... 5.60488950e-05
  5.40085249e-05 5.21147430e-05]] [[5.26158050e-05 5.45414327e-05 5.66181094e-05 ... 7.50601123e-02
  3.62989264e-01 1.26268652e+01]
 [5.45414327e-05 5.66706218e-05 5.88754186e-05 ... 5.94219193e-02
  1.92681936e-01 3.62989264e-01]
 [5.66181094e-05 5.88754186e-05 6.11866190e-05 ... 3.69299629e-02
  5.94219193e-02 7.50601123e-02]
 ...
 [7.50601123e-02 5.94219193e-02 3.69299629e-02 ... 6.11866190e-05
  5.88754186e-05 5.66181094e-05]
 [3.62989264e-01 1.92681936e-01 5.94219193e-02 ... 5.88754186e-05
  5.66706218e-05 5.45414327e-05]
 [1.26268652e+01 3.62989264e-01 7.50601123e-02 ... 5.66181094e-05
  5.45414327e-05 5.26158050e-05]] [[5.31041281e-05 5.50463852e-05 5.71538995e-05 ... 7.45096059e-02
  3.59507792e-01 1.24452821e+01]
 [5.50463852e-05 5.72053354e-05 5.94425141e-05 ... 5.90005902e-02
  1.90988307e-01 3.59507792e-01]
 [5.71538995e-05 5.94425141e-05 6.17856961e-05 ... 3.66838723e-02
  5.90005902e-02 7.45096059e-02]
 ...
 [7.45096059e-02 5.90005902e-02 3.66838723e-02 ... 6.17856961e-05
  5.94425141e-05 5.71538995e-05]
 [3.59507792e-01 1.90988307e-01 5.90005902e-02 ... 5.94425141e-05
  5.72053354e-05 5.50463852e-05]
 [1.24452821e+01 3.59507792e-01 7.45096059e-02 ... 5.71538995e-05
  5.50463852e-05 5.31041281e-05]] [[5.35823796e-05 5.55192621e-05 5.76794745e-05 ... 7.39617202e-02
  3.56064186e-01 1.22672403e+01]
 [5.55192621e-05 5.77298613e-05 5.99762754e-05 ... 5.85805651e-02
  1.89310267e-01 3.56064186e-01]
 [5.76794745e-05 5.99762754e-05 6.23539574e-05 ... 3.64374727e-02
  5.85805651e-02 7.39617202e-02]
 ...
 [7.39617202e-02 5.85805651e-02 3.64374727e-02 ... 6.23539574e-05
  5.99762754e-05 5.76794745e-05]
 [3.56064186e-01 1.89310267e-01 5.85805651e-02 ... 5.99762754e-05
  5.77298613e-05 5.55192621e-05]
 [1.22672403e+01 3.56064186e-01 7.39617202e-02 ... 5.76794745e-05
  5.55192621e-05 5.35823796e-05]] [[5.40257712e-05 5.59712773e-05 5.81635154e-05 ... 7.34169577e-02
  3.52659014e-01 1.20926556e+01]
 [5.59712773e-05 5.82114430e-05 6.04674430e-05 ... 5.81621004e-02
  1.87648136e-01 3.52659014e-01]
 [5.81635154e-05 6.04674430e-05 6.28781169e-05 ... 3.61912160e-02
  5.81621004e-02 7.34169577e-02]
 ...
 [7.34169577e-02 5.81621004e-02 3.61912160e-02 ... 6.28781169e-05
  6.04674430e-05 5.81635154e-05]
 [3.52659014e-01 1.87648136e-01 5.81621004e-02 ... 6.04674430e-05
  5.82114430e-05 5.59712773e-05]
 [1.20926556e+01 3.52659014e-01 7.34169577e-02 ... 5.81635154e-05
  5.59712773e-05 5.40257712e-05]] [[5.44417554e-05 5.64161452e-05 5.86158206e-05 ... 7.28753213e-02
  3.49291571e-01 1.19214459e+01]
 [5.64161452e-05 5.86627790e-05 6.09727362e-05 ... 5.77456132e-02
  1.86002148e-01 3.49291571e-01]
 [5.86158206e-05 6.09727362e-05 6.33698187e-05 ... 3.59455651e-02
  5.77456132e-02 7.28753213e-02]
 ...
 [7.28753213e-02 5.77456132e-02 3.59455651e-02 ... 6.33698187e-05
  6.09727362e-05 5.86158206e-05]
 [3.49291571e-01 1.86002148e-01 5.77456132e-02 ... 6.09727362e-05
  5.86627790e-05 5.64161452e-05]
 [1.19214459e+01 3.49291571e-01 7.28753213e-02 ... 5.86158206e-05
  5.64161452e-05 5.44417554e-05]] [[5.48323586e-05 5.68558465e-05 5.90362634e-05 ... 7.23367288e-02
  3.45960604e-01 1.17535310e+01]
 [5.68558465e-05 5.90822771e-05 6.14445034e-05 ... 5.73312674e-02
  1.84371474e-01 3.45960604e-01]
 [5.90362634e-05 6.14445034e-05 6.38279072e-05 ... 3.57004575e-02
  5.73312674e-02 7.23367288e-02]
 ...
 [7.23367288e-02 5.73312674e-02 3.57004575e-02 ... 6.38279072e-05
  6.14445034e-05 5.90362634e-05]
 [3.45960604e-01 1.84371474e-01 5.73312674e-02 ... 6.14445034e-05
  5.90822771e-05 5.68558465e-05]
 [1.17535310e+01 3.45960604e-01 7.23367288e-02 ... 5.90362634e-05
  5.68558465e-05 5.48323586e-05]] [[5.52129944e-05 5.72491096e-05 5.94533513e-05 ... 7.18012149e-02
  3.42666060e-01 1.15888335e+01]
 [5.72491096e-05 5.94984440e-05 6.18682699e-05 ... 5.69187867e-02
  1.82756230e-01 3.42666060e-01]
 [5.94533513e-05 6.18682699e-05 6.42998506e-05 ... 3.54559917e-02
  5.69187867e-02 7.18012149e-02]
 ...
 [7.18012149e-02 5.69187867e-02 3.54559917e-02 ... 6.42998506e-05
  6.18682699e-05 5.94533513e-05]
 [3.42666060e-01 1.82756230e-01 5.69187867e-02 ... 6.18682699e-05
  5.94984440e-05 5.72491096e-05]
 [1.15888335e+01 3.42666060e-01 7.18012149e-02 ... 5.94533513e-05
  5.72491096e-05 5.52129944e-05]] [[5.55812717e-05 5.76152968e-05 5.98690292e-05 ... 7.12689528e-02
  3.39407751e-01 1.14272775e+01]
 [5.76152968e-05 5.99132238e-05 6.22614423e-05 ... 5.65086839e-02
  1.81156465e-01 3.39407751e-01]
 [5.98690292e-05 6.22614423e-05 6.47413667e-05 ... 3.52121195e-02
  5.65086839e-02 7.12689528e-02]
 ...
 [7.12689528e-02 5.65086839e-02 3.52121195e-02 ... 6.47413667e-05
  6.22614423e-05 5.98690292e-05]
 [3.39407751e-01 1.81156465e-01 5.65086839e-02 ... 6.22614423e-05
  5.99132238e-05 5.76152968e-05]
 [1.14272775e+01 3.39407751e-01 7.12689528e-02 ... 5.98690292e-05
  5.76152968e-05 5.55812717e-05]] [[5.59035860e-05 5.79706800e-05 6.02328012e-05 ... 7.07401030e-02
  3.36185182e-01 1.12687892e+01]
 [5.79706800e-05 6.02761201e-05 6.26484174e-05 ... 5.61010520e-02
  1.79572092e-01 3.36185182e-01]
 [6.02328012e-05 6.26484174e-05 6.51344126e-05 ... 3.49688907e-02
  5.61010520e-02 7.07401030e-02]
 ...
 [7.07401030e-02 5.61010520e-02 3.49688907e-02 ... 6.51344126e-05
  6.26484174e-05 6.02328012e-05]
 [3.36185182e-01 1.79572092e-01 5.61010520e-02 ... 6.26484174e-05
  6.02761201e-05 5.79706800e-05]
 [1.12687892e+01 3.36185182e-01 7.07401030e-02 ... 6.02328012e-05
  5.79706800e-05 5.59035860e-05]] [[5.61894713e-05 5.83027132e-05 6.05513414e-05 ... 7.02148668e-02
  3.32997946e-01 1.11132967e+01]
 [5.83027132e-05 6.05938062e-05 6.30074498e-05 ... 5.56956373e-02
  1.78002931e-01 3.32997946e-01]
 [6.05513414e-05 6.30074498e-05 6.54806737e-05 ... 3.47264395e-02
  5.56956373e-02 7.02148668e-02]
 ...
 [7.02148668e-02 5.56956373e-02 3.47264395e-02 ... 6.54806737e-05
  6.30074498e-05 6.05513414e-05]
 [3.32997946e-01 1.78002931e-01 5.56956373e-02 ... 6.30074498e-05
  6.05938062e-05 5.83027132e-05]
 [1.11132967e+01 3.32997946e-01 7.02148668e-02 ... 6.05513414e-05
  5.83027132e-05 5.61894713e-05]] [[5.64899302e-05 5.85897596e-05 6.08851044e-05 ... 6.96932789e-02
  3.29845695e-01 1.09607300e+01]
 [5.85897596e-05 6.09267364e-05 6.33249532e-05 ... 5.52924667e-02
  1.76448908e-01 3.29845695e-01]
 [6.08851044e-05 6.33249532e-05 6.58476350e-05 ... 3.44848129e-02
  5.52924667e-02 6.96932789e-02]
 ...
 [6.96932789e-02 5.52924667e-02 3.44848129e-02 ... 6.58476350e-05
  6.33249532e-05 6.08851044e-05]
 [3.29845695e-01 1.76448908e-01 5.52924667e-02 ... 6.33249532e-05
  6.09267364e-05 5.85897596e-05]
 [1.09607300e+01 3.29845695e-01 6.96932789e-02 ... 6.08851044e-05
  5.85897596e-05 5.64899302e-05]] [[5.67541621e-05 5.88537468e-05 6.11541542e-05 ... 6.91750327e-02
  3.26728170e-01 1.08110213e+01]
 [5.88537468e-05 6.12151324e-05 6.36197286e-05 ... 5.48916038e-02
  1.74909937e-01 3.26728170e-01]
 [6.11541542e-05 6.36197286e-05 6.61713770e-05 ... 3.42440671e-02
  5.48916038e-02 6.91750327e-02]
 ...
 [6.91750327e-02 5.48916038e-02 3.42440671e-02 ... 6.61713770e-05
  6.36197286e-05 6.11541542e-05]
 [3.26728170e-01 1.74909937e-01 5.48916038e-02 ... 6.36197286e-05
  6.12151324e-05 5.88537468e-05]
 [1.08110213e+01 3.26728170e-01 6.91750327e-02 ... 6.11541542e-05
  5.88537468e-05 5.67541621e-05]] [[5.69642785e-05 5.91222841e-05 6.13834889e-05 ... 6.86603247e-02
  3.23644836e-01 1.06641046e+01]
 [5.91222841e-05 6.14433121e-05 6.38927420e-05 ... 5.44931685e-02
  1.73385911e-01 3.23644836e-01]
 [6.13834889e-05 6.38927420e-05 6.64246812e-05 ... 3.40043095e-02
  5.44931685e-02 6.86603247e-02]
 ...
 [6.86603247e-02 5.44931685e-02 3.40043095e-02 ... 6.64246812e-05
  6.38927420e-05 6.13834889e-05]
 [3.23644836e-01 1.73385911e-01 5.44931685e-02 ... 6.38927420e-05
  6.14433121e-05 5.91222841e-05]
 [1.06641046e+01 3.23644836e-01 6.86603247e-02 ... 6.13834889e-05
  5.91222841e-05 5.69642785e-05]] [[5.71846412e-05 5.93369400e-05 6.16343836e-05 ... 6.81491107e-02
  3.20595344e-01 1.05199151e+01]
 [5.93369400e-05 6.16930793e-05 6.41238060e-05 ... 5.40971034e-02
  1.71876687e-01 3.20595344e-01]
 [6.16343836e-05 6.41238060e-05 6.67034281e-05 ... 3.37655219e-02
  5.40971034e-02 6.81491107e-02]
 ...
 [6.81491107e-02 5.40971034e-02 3.37655219e-02 ... 6.67034281e-05
  6.41238060e-05 6.16343836e-05]
 [3.20595344e-01 1.71876687e-01 5.40971034e-02 ... 6.41238060e-05
  6.16930793e-05 5.93369400e-05]
 [1.05199151e+01 3.20595344e-01 6.81491107e-02 ... 6.16343836e-05
  5.93369400e-05 5.71846412e-05]] [[5.73715875e-05 5.95328373e-05 6.18584309e-05 ... 6.76413841e-02
  3.17579284e-01 1.03783898e+01]
 [5.95328373e-05 6.19160260e-05 6.43402051e-05 ... 5.37036408e-02
  1.70382126e-01 3.17579284e-01]
 [6.18584309e-05 6.43402051e-05 6.69199709e-05 ... 3.35280546e-02
  5.37036408e-02 6.76413841e-02]
 ...
 [6.76413841e-02 5.37036408e-02 3.35280546e-02 ... 6.69199709e-05
  6.43402051e-05 6.18584309e-05]
 [3.17579284e-01 1.70382126e-01 5.37036408e-02 ... 6.43402051e-05
  6.19160260e-05 5.95328373e-05]
 [1.03783898e+01 3.17579284e-01 6.76413841e-02 ... 6.18584309e-05
  5.95328373e-05 5.73715875e-05]] [[5.75240132e-05 5.97067794e-05 6.20182715e-05 ... 6.71371397e-02
  3.14596245e-01 1.02394677e+01]
 [5.97067794e-05 6.20747923e-05 6.45375895e-05 ... 5.33127371e-02
  1.68902077e-01 3.14596245e-01]
 [6.20182715e-05 6.45375895e-05 6.70976605e-05 ... 3.32915852e-02
  5.33127371e-02 6.71371397e-02]
 ...
 [6.71371397e-02 5.33127371e-02 3.32915852e-02 ... 6.70976605e-05
  6.45375895e-05 6.20182715e-05]
 [3.14596245e-01 1.68902077e-01 5.33127371e-02 ... 6.45375895e-05
  6.20747923e-05 5.97067794e-05]
 [1.02394677e+01 3.14596245e-01 6.71371397e-02 ... 6.20182715e-05
  5.97067794e-05 5.75240132e-05]] [[5.76816091e-05 5.98332783e-05 6.22030036e-05 ... 6.66362606e-02
  3.11645687e-01 1.01030889e+01]
 [5.98332783e-05 6.22584754e-05 6.46647714e-05 ... 5.29241129e-02
  1.67436261e-01 3.11645687e-01]
 [6.22030036e-05 6.46647714e-05 6.72889078e-05 ... 3.30560980e-02
  5.29241129e-02 6.66362606e-02]
 ...
 [6.66362606e-02 5.29241129e-02 3.30560980e-02 ... 6.72889078e-05
  6.46647714e-05 6.22030036e-05]
 [3.11645687e-01 1.67436261e-01 5.29241129e-02 ... 6.46647714e-05
  6.22584754e-05 5.98332783e-05]
 [1.01030889e+01 3.11645687e-01 6.66362606e-02 ... 6.22030036e-05
  5.98332783e-05 5.76816091e-05]] [[5.77705299e-05 5.99780574e-05 6.22917720e-05 ... 6.61387596e-02
  3.08727273e-01 9.96919558e+00]
 [5.99780574e-05 6.23678835e-05 6.48135393e-05 ... 5.25377843e-02
  1.65984751e-01 3.08727273e-01]
 [6.22917720e-05 6.48135393e-05 6.74229275e-05 ... 3.28216630e-02
  5.25377843e-02 6.61387596e-02]
 ...
 [6.61387596e-02 5.25377843e-02 3.28216630e-02 ... 6.74229275e-05
  6.48135393e-05 6.22917720e-05]
 [3.08727273e-01 1.65984751e-01 5.25377843e-02 ... 6.48135393e-05
  6.23678835e-05 5.99780574e-05]
 [9.96919558e+00 3.08727273e-01 6.61387596e-02 ... 6.22917720e-05
  5.99780574e-05 5.77705299e-05]] [[5.78823210e-05 6.00790654e-05 6.24102894e-05 ... 6.56445349e-02
  3.05840372e-01 9.83773075e+00]
 [6.00790654e-05 6.24850390e-05 6.49091600e-05 ... 5.21537006e-02
  1.64547341e-01 3.05840372e-01]
 [6.24102894e-05 6.49091600e-05 6.75379301e-05 ... 3.25883669e-02
  5.21537006e-02 6.56445349e-02]
 ...
 [6.56445349e-02 5.21537006e-02 3.25883669e-02 ... 6.75379301e-05
  6.49091600e-05 6.24102894e-05]
 [3.05840372e-01 1.64547341e-01 5.21537006e-02 ... 6.49091600e-05
  6.24850390e-05 6.00790654e-05]
 [9.83773075e+00 3.05840372e-01 6.56445349e-02 ... 6.24102894e-05
  6.00790654e-05 5.78823210e-05]] [[5.79478460e-05 6.01650494e-05 6.24806840e-05 ... 6.51534216e-02
  3.02984581e-01 9.70863949e+00]
 [6.01650494e-05 6.25541027e-05 6.49971357e-05 ... 5.17716842e-02
  1.63123550e-01 3.02984581e-01]
 [6.24806840e-05 6.49971357e-05 6.76050356e-05 ... 3.23558018e-02
  5.17716842e-02 6.51534216e-02]
 ...
 [6.51534216e-02 5.17716842e-02 3.23558018e-02 ... 6.76050356e-05
  6.49971357e-05 6.24806840e-05]
 [3.02984581e-01 1.63123550e-01 5.17716842e-02 ... 6.49971357e-05
  6.25541027e-05 6.01650494e-05]
 [9.70863949e+00 3.02984581e-01 6.51534216e-02 ... 6.24806840e-05
  6.01650494e-05 5.79478460e-05]] [[5.80041356e-05 6.02046707e-05 6.25330333e-05 ... 6.46651384e-02
  3.00159186e-01 9.58186787e+00]
 [6.02046707e-05 6.26051516e-05 6.50307919e-05 ... 5.13914828e-02
  1.61712894e-01 3.00159186e-01]
 [6.25330333e-05 6.50307919e-05 6.76608922e-05 ... 3.21238028e-02
  5.13914828e-02 6.46651384e-02]
 ...
 [6.46651384e-02 5.13914828e-02 3.21238028e-02 ... 6.76608922e-05
  6.50307919e-05 6.25330333e-05]
 [3.00159186e-01 1.61712894e-01 5.13914828e-02 ... 6.50307919e-05
  6.26051516e-05 6.02046707e-05]
 [9.58186787e+00 3.00159186e-01 6.46651384e-02 ... 6.25330333e-05
  6.02046707e-05 5.80041356e-05]] [[5.80182013e-05 6.02342722e-05 6.25443016e-05 ... 6.41794268e-02
  2.97363362e-01 9.45736306e+00]
 [6.02342722e-05 6.26111408e-05 6.50556332e-05 ... 5.10128724e-02
  1.60314802e-01 2.97363362e-01]
 [6.25443016e-05 6.50556332e-05 6.76823547e-05 ... 3.18921271e-02
  5.10128724e-02 6.41794268e-02]
 ...
 [6.41794268e-02 5.10128724e-02 3.18921271e-02 ... 6.76823547e-05
  6.50556332e-05 6.25443016e-05]
 [2.97363362e-01 1.60314802e-01 5.10128724e-02 ... 6.50556332e-05
  6.26111408e-05 6.02342722e-05]
 [9.45736306e+00 2.97363362e-01 6.41794268e-02 ... 6.25443016e-05
  6.02342722e-05 5.80182013e-05]] [[5.80098274e-05 6.02569193e-05 6.25471066e-05 ... 6.36956222e-02
  2.94596060e-01 9.33507347e+00]
 [6.02569193e-05 6.26127746e-05 6.50552397e-05 ... 5.06352256e-02
  1.58928519e-01 2.94596060e-01]
 [6.25471066e-05 6.50552397e-05 6.76838483e-05 ... 3.16602371e-02
  5.06352256e-02 6.36956222e-02]
 ...
 [6.36956222e-02 5.06352256e-02 3.16602371e-02 ... 6.76838483e-05
  6.50552397e-05 6.25471066e-05]
 [2.94596060e-01 1.58928519e-01 5.06352256e-02 ... 6.50552397e-05
  6.26127746e-05 6.02569193e-05]
 [9.33507347e+00 2.94596060e-01 6.36956222e-02 ... 6.25471066e-05
  6.02569193e-05 5.80098274e-05]] [[5.80328850e-05 6.02371181e-05 6.25292523e-05 ... 6.32127233e-02
  2.91855765e-01 9.21494868e+00]
 [6.02371181e-05 6.26116936e-05 6.50264373e-05 ... 5.02575081e-02
  1.57552822e-01 2.91855765e-01]
 [6.25292523e-05 6.50264373e-05 6.76721013e-05 ... 3.14274199e-02
  5.02575081e-02 6.32127233e-02]
 ...
 [6.32127233e-02 5.02575081e-02 3.14274199e-02 ... 6.76721013e-05
  6.50264373e-05 6.25292523e-05]
 [2.91855765e-01 1.57552822e-01 5.02575081e-02 ... 6.50264373e-05
  6.26116936e-05 6.02371181e-05]
 [9.21494868e+00 2.91855765e-01 6.32127233e-02 ... 6.25292523e-05
  6.02371181e-05 5.80328850e-05]] [[5.79947736e-05 6.02172741e-05 6.24927452e-05 ... 6.27288534e-02
  2.89139512e-01 9.09693722e+00]
 [6.02172741e-05 6.25697279e-05 6.49791702e-05 ... 4.98779634e-02
  1.56185169e-01 2.89139512e-01]
 [6.24927452e-05 6.49791702e-05 6.76151437e-05 ... 3.11921284e-02
  4.98779634e-02 6.27288534e-02]
 ...
 [6.27288534e-02 4.98779634e-02 3.11921284e-02 ... 6.76151437e-05
  6.49791702e-05 6.24927452e-05]
 [2.89139512e-01 1.56185169e-01 4.98779634e-02 ... 6.49791702e-05
  6.25697279e-05 6.02172741e-05]
 [9.09693722e+00 2.89139512e-01 6.27288534e-02 ... 6.24927452e-05
  6.02172741e-05 5.79947736e-05]] [[5.79499520e-05 6.01480609e-05 6.24208885e-05 ... 6.22399676e-02
  2.86441636e-01 8.98098739e+00]
 [6.01480609e-05 6.24965612e-05 6.49054893e-05 ... 4.94933387e-02
  1.54820703e-01 2.86441636e-01]
 [6.24208885e-05 6.49054893e-05 6.75184929e-05 ... 3.09516928e-02
  4.94933387e-02 6.22399676e-02]
 ...
 [6.22399676e-02 4.94933387e-02 3.09516928e-02 ... 6.75184929e-05
  6.49054893e-05 6.24208885e-05]
 [2.86441636e-01 1.54820703e-01 4.94933387e-02 ... 6.49054893e-05
  6.24965612e-05 6.01480609e-05]
 [8.98098739e+00 2.86441636e-01 6.22399676e-02 ... 6.24208885e-05
  6.01480609e-05 5.79499520e-05]] [[5.78663961e-05 6.00632176e-05 6.23296991e-05 ... 6.17368694e-02
  2.83745587e-01 8.86701632e+00]
 [6.00632176e-05 6.24040908e-05 6.47951748e-05 ... 4.90957575e-02
  1.53445180e-01 2.83745587e-01]
 [6.23296991e-05 6.47951748e-05 6.74168269e-05 ... 3.07005430e-02
  4.90957575e-02 6.17368694e-02]
 ...
 [6.17368694e-02 4.90957575e-02 3.07005430e-02 ... 6.74168269e-05
  6.47951748e-05 6.23296991e-05]
 [2.83745587e-01 1.53445180e-01 4.90957575e-02 ... 6.47951748e-05
  6.24040908e-05 6.00632176e-05]
 [8.86701632e+00 2.83745587e-01 6.17368694e-02 ... 6.23296991e-05
  6.00632176e-05 5.78663961e-05]] [[5.77680992e-05 5.99637241e-05 6.22043445e-05 ... 6.11899646e-02
  2.80959067e-01 8.75490279e+00]
 [5.99637241e-05 6.22774833e-05 6.46817768e-05 ... 4.86569917e-02
  1.51988298e-01 2.80959067e-01]
 [6.22043445e-05 6.46817768e-05 6.72756076e-05 ... 3.04234217e-02
  4.86569917e-02 6.11899646e-02]
 ...
 [6.11899646e-02 4.86569917e-02 3.04234217e-02 ... 6.72756076e-05
  6.46817768e-05 6.22043445e-05]
 [2.80959067e-01 1.51988298e-01 4.86569917e-02 ... 6.46817768e-05
  6.22774833e-05 5.99637241e-05]
 [8.75490279e+00 2.80959067e-01 6.11899646e-02 ... 6.22043445e-05
  5.99637241e-05 5.77680992e-05]] [[5.76492547e-05 5.98270906e-05 6.20739016e-05 ... 6.03751737e-02
  2.73869714e-01 8.56914868e+00]
 [5.98270906e-05 6.21458149e-05 6.45296421e-05 ... 4.79636668e-02
  1.49364591e-01 2.73869714e-01]
 [6.20739016e-05 6.45296421e-05 6.71346077e-05 ... 3.00359876e-02
  4.79636668e-02 6.03751737e-02]
 ...
 [6.03751737e-02 4.79636668e-02 3.00359876e-02 ... 6.71346077e-05
  6.45296421e-05 6.20739016e-05]
 [2.73869714e-01 1.49364591e-01 4.79636668e-02 ... 6.45296421e-05
  6.21458149e-05 5.98270906e-05]
 [8.56914868e+00 2.73869714e-01 6.03751737e-02 ... 6.20739016e-05
  5.98270906e-05 5.76492547e-05]] [[5.61475934e-05 5.82742856e-05 6.04643013e-05 ... 5.71033779e-02
  2.16196221e-01 8.97233086e-01]
 [5.82742856e-05 6.05350157e-05 6.28623835e-05 ... 4.61330529e-02
  1.29418185e-01 2.16196221e-01]
 [6.04643013e-05 6.28623835e-05 6.54014016e-05 ... 2.93039517e-02
  4.61330529e-02 5.71033779e-02]
 ...
 [5.71033779e-02 4.61330529e-02 2.93039517e-02 ... 6.54014016e-05
  6.28623835e-05 6.04643013e-05]
 [2.16196221e-01 1.29418185e-01 4.61330529e-02 ... 6.28623835e-05
  6.05350157e-05 5.82742856e-05]
 [8.97233086e-01 2.16196221e-01 5.71033779e-02 ... 6.04643013e-05
  5.82742856e-05 5.61475934e-05]] [[5.46699456e-05 5.67463639e-05 5.88793592e-05 ... 5.18668103e-02
  1.54453797e-01 3.67871013e-01]
 [5.67463639e-05 5.89489008e-05 6.12204199e-05 ... 4.24415557e-02
  9.92926857e-02 1.54453797e-01]
 [5.88793592e-05 6.12204199e-05 6.36949543e-05 ... 2.78954966e-02
  4.24415557e-02 5.18668103e-02]
 ...
 [5.18668103e-02 4.24415557e-02 2.78954966e-02 ... 6.36949543e-05
  6.12204199e-05 5.88793592e-05]
 [1.54453797e-01 9.92926857e-02 4.24415557e-02 ... 6.12204199e-05
  5.89489008e-05 5.67463639e-05]
 [3.67871013e-01 1.54453797e-01 5.18668103e-02 ... 5.88793592e-05
  5.67463639e-05 5.46699456e-05]] [[5.32151301e-05 5.52417983e-05 5.73168733e-05 ... 4.55086935e-02
  1.05269180e-01 1.75141166e-01]
 [5.52417983e-05 5.73852673e-05 5.96029528e-05 ... 3.82388698e-02
  7.64760315e-02 1.05269180e-01]
 [5.73168733e-05 5.96029528e-05 6.20151735e-05 ... 2.58562689e-02
  3.82388698e-02 4.55086935e-02]
 ...
 [4.55086935e-02 3.82388698e-02 2.58562689e-02 ... 6.20151735e-05
  5.96029528e-05 5.73168733e-05]
 [1.05269180e-01 7.64760315e-02 3.82388698e-02 ... 5.96029528e-05
  5.73852673e-05 5.52417983e-05]
 [1.75141166e-01 1.05269180e-01 4.55086935e-02 ... 5.73168733e-05
  5.52417983e-05 5.32151301e-05]] [[5.17885459e-05 5.37577829e-05 5.57812436e-05 ... 3.82477999e-02
  7.33590477e-02 9.79401322e-02]
 [5.37577829e-05 5.58485148e-05 5.80091489e-05 ... 3.30018995e-02
  5.77935215e-02 7.33590477e-02]
 [5.57812436e-05 5.80091489e-05 6.03639191e-05 ... 2.30058406e-02
  3.30018995e-02 3.82477999e-02]
 ...
 [3.82477999e-02 3.30018995e-02 2.30058406e-02 ... 6.03639191e-05
  5.80091489e-05 5.57812436e-05]
 [7.33590477e-02 5.77935215e-02 3.30018995e-02 ... 5.80091489e-05
  5.58485148e-05 5.37577829e-05]
 [9.79401322e-02 7.33590477e-02 3.82477999e-02 ... 5.57812436e-05
  5.37577829e-05 5.17885459e-05]] [[5.03841294e-05 5.23048729e-05 5.42773112e-05 ... 3.03621819e-02
  4.83198353e-02 5.79219599e-02]
 [5.23048729e-05 5.43384632e-05 5.64413846e-05 ... 2.67058238e-02
  4.03451614e-02 4.83198353e-02]
 [5.42773112e-05 5.64413846e-05 5.87342070e-05 ... 1.93659192e-02
  2.67058238e-02 3.03621819e-02]
 ...
 [3.03621819e-02 2.67058238e-02 1.93659192e-02 ... 5.87342070e-05
  5.64413846e-05 5.42773112e-05]
 [4.83198353e-02 4.03451614e-02 2.67058238e-02 ... 5.64413846e-05
  5.43384632e-05 5.23048729e-05]
 [5.79219599e-02 4.83198353e-02 3.03621819e-02 ... 5.42773112e-05
  5.23048729e-05 5.03841294e-05]] [[4.90009242e-05 5.08696081e-05 5.27926696e-05 ... 2.25516733e-02
  3.18519824e-02 3.61970822e-02]
 [5.08696082e-05 5.28528322e-05 5.48941684e-05 ... 2.02172539e-02
  2.83096471e-02 3.18519824e-02]
 [5.27926696e-05 5.48941684e-05 5.71302052e-05 ... 1.54605743e-02
  2.02172539e-02 2.25516733e-02]
 ...
 [2.25516733e-02 2.02172539e-02 1.54605743e-02 ... 5.71302052e-05
  5.48941684e-05 5.27926696e-05]
 [3.18519824e-02 2.83096471e-02 2.02172539e-02 ... 5.48941684e-05
  5.28528322e-05 5.08696082e-05]
 [3.61970822e-02 3.18519824e-02 2.25516733e-02 ... 5.27926696e-05
  5.08696082e-05 4.90009242e-05]] [[4.76385217e-05 4.94555050e-05 5.13285659e-05 ... 1.60754188e-02
  2.08885134e-02 2.29472404e-02]
 [4.94555050e-05 5.13877600e-05 5.33778048e-05 ... 1.49536717e-02
  1.90566845e-02 2.08885134e-02]
 [5.13285659e-05 5.33778048e-05 5.55582925e-05 ... 1.17624874e-02
  1.49536717e-02 1.60754188e-02]
 ...
 [1.60754188e-02 1.49536717e-02 1.17624874e-02 ... 5.55582925e-05
  5.33778048e-05 5.13285659e-05]
 [2.08885134e-02 1.90566845e-02 1.49536717e-02 ... 5.33778048e-05
  5.13877600e-05 4.94555050e-05]
 [2.29472404e-02 2.08885134e-02 1.60754188e-02 ... 5.13285659e-05
  4.94555050e-05 4.76385217e-05]] [[4.62995117e-05 4.80705275e-05 4.98900308e-05 ... 1.12192286e-02
  1.37246013e-02 1.48804299e-02]
 [4.80705275e-05 4.99431677e-05 5.18842153e-05 ... 1.04692114e-02
  1.28317827e-02 1.37246013e-02]
 [4.98900307e-05 5.18842153e-05 5.39980491e-05 ... 8.53028918e-03
  1.04692114e-02 1.12192286e-02]
 ...
 [1.12192286e-02 1.04692114e-02 8.53028918e-03 ... 5.39980491e-05
  5.18842153e-05 4.98900307e-05]
 [1.37246013e-02 1.28317827e-02 1.04692114e-02 ... 5.18842153e-05
  4.99431677e-05 4.80705275e-05]
 [1.48804299e-02 1.37246013e-02 1.12192286e-02 ... 4.98900307e-05
  4.80705275e-05 4.62995117e-05]] [[4.49776596e-05 4.67039792e-05 4.84672337e-05 ... 7.54478403e-03
  8.91202172e-03 9.64585333e-03]
 [4.67039792e-05 4.85195362e-05 5.04091946e-05 ... 7.10721945e-03
  8.43086682e-03 8.91202172e-03]
 [4.84672337e-05 5.04091946e-05 5.24717409e-05 ... 5.98032028e-03
  7.10721945e-03 7.54478403e-03]
 ...
 [7.54478403e-03 7.10721945e-03 5.98032028e-03 ... 5.24717409e-05
  5.04091946e-05 4.84672337e-05]
 [8.91202172e-03 8.43086682e-03 7.10721945e-03 ... 5.04091946e-05
  4.85195362e-05 4.67039792e-05]
 [9.64585333e-03 8.91202172e-03 7.54478403e-03 ... 4.84672337e-05
  4.67039792e-05 4.49776596e-05]] [[4.36791635e-05 4.53545947e-05 4.70742102e-05 ... 5.05879726e-03
  5.79219523e-03 6.29504006e-03]
 [4.53545947e-05 4.71256955e-05 4.89613403e-05 ... 4.79726946e-03
  5.55200691e-03 5.79219523e-03]
 [4.70742102e-05 4.89613403e-05 5.09668408e-05 ... 4.04314989e-03
  4.79726946e-03 5.05879726e-03]
 ...
 [5.05879726e-03 4.79726946e-03 4.04314989e-03 ... 5.09668408e-05
  4.89613403e-05 4.70742102e-05]
 [5.79219523e-03 5.55200691e-03 4.79726946e-03 ... 4.89613403e-05
  4.71256955e-05 4.53545947e-05]
 [6.29504006e-03 5.79219523e-03 5.05879726e-03 ... 4.70742102e-05
  4.53545947e-05 4.36791635e-05]] [[4.24000365e-05 4.40337473e-05 4.57004326e-05 ... 3.36507342e-03
  3.80700083e-03 4.18529803e-03]
 [4.40337473e-05 4.57511173e-05 4.75335707e-05 ... 3.21960591e-03
  3.66548212e-03 3.80700083e-03]
 [4.57004326e-05 4.75335707e-05 4.94776138e-05 ... 2.82391505e-03
  3.21960591e-03 3.36507342e-03]
 ...
 [3.36507342e-03 3.21960591e-03 2.82391505e-03 ... 4.94776138e-05
  4.75335707e-05 4.57004326e-05]
 [3.80700083e-03 3.66548212e-03 3.21960591e-03 ... 4.75335707e-05
  4.57511173e-05 4.40337473e-05]
 [4.18529803e-03 3.80700083e-03 3.36507342e-03 ... 4.57004326e-05
  4.40337473e-05 4.24000365e-05]] [[4.11440420e-05 4.27269593e-05 4.43438483e-05 ... 2.39596414e-03
  2.64177517e-03 2.91518966e-03]
 [4.27269593e-05 4.43937489e-05 4.61226229e-05 ... 2.29130262e-03
  2.55117051e-03 2.64177517e-03]
 [4.43438483e-05 4.61226229e-05 4.80187680e-05 ... 2.04658599e-03
  2.29130262e-03 2.39596414e-03]
 ...
 [2.39596414e-03 2.29130262e-03 2.04658599e-03 ... 4.80187680e-05
  4.61226229e-05 4.43438483e-05]
 [2.64177517e-03 2.55117051e-03 2.29130262e-03 ... 4.61226229e-05
  4.43937489e-05 4.27269593e-05]
 [2.91518966e-03 2.64177517e-03 2.39596414e-03 ... 4.43438483e-05
  4.27269593e-05 4.11440420e-05]] [[3.99058127e-05 4.14456421e-05 4.30120321e-05 ... 1.82999822e-03
  1.99593879e-03 2.22015031e-03]
 [4.14456421e-05 4.30611644e-05 4.47405954e-05 ... 1.76811063e-03
  1.92462107e-03 1.99593879e-03]
 [4.30120321e-05 4.47405954e-05 4.65820072e-05 ... 1.63027886e-03
  1.76811063e-03 1.82999822e-03]
 ...
 [1.82999822e-03 1.76811063e-03 1.63027886e-03 ... 4.65820072e-05
  4.47405954e-05 4.30120321e-05]
 [1.99593879e-03 1.92462107e-03 1.76811063e-03 ... 4.47405954e-05
  4.30611644e-05 4.14456421e-05]
 [2.22015031e-03 1.99593879e-03 1.82999822e-03 ... 4.30120321e-05
  4.14456421e-05 3.99058127e-05]] [[3.86859978e-05 4.01781162e-05 4.17010779e-05 ... 1.52524666e-03
  1.65885264e-03 1.85232117e-03]
 [4.01781162e-05 4.17494576e-05 4.33745580e-05 ... 1.48906662e-03
  1.60338783e-03 1.65885264e-03]
 [4.17010779e-05 4.33745580e-05 4.51591508e-05 ... 1.39269607e-03
  1.48906662e-03 1.52524666e-03]
 ...
 [1.52524666e-03 1.48906662e-03 1.39269607e-03 ... 4.51591508e-05
  4.33745580e-05 4.17010779e-05]
 [1.65885264e-03 1.60338783e-03 1.48906662e-03 ... 4.33745580e-05
  4.17494576e-05 4.01781162e-05]
 [1.85232117e-03 1.65885264e-03 1.52524666e-03 ... 4.17010779e-05
  4.01781162e-05 3.86859978e-05]] [[3.74863864e-05 3.89361105e-05 4.04107780e-05 ... 1.35739864e-03
  1.46942529e-03 1.63904241e-03]
 [3.89361105e-05 4.04584201e-05 4.20301208e-05 ... 1.33110282e-03
  1.42030401e-03 1.46942529e-03]
 [4.04107780e-05 4.20301208e-05 4.37661873e-05 ... 1.25612842e-03
  1.33110282e-03 1.35739864e-03]
 ...
 [1.35739864e-03 1.33110282e-03 1.25612842e-03 ... 4.37661873e-05
  4.20301208e-05 4.04107780e-05]
 [1.46942529e-03 1.42030401e-03 1.33110282e-03 ... 4.20301208e-05
  4.04584201e-05 3.89361105e-05]
 [1.63904241e-03 1.46942529e-03 1.35739864e-03 ... 4.04107780e-05
  3.89361105e-05 3.74863864e-05]] [[3.63021464e-05 3.77152459e-05 3.91320175e-05 ... 1.24599944e-03
  1.34343254e-03 1.49475347e-03]
 [3.77152459e-05 3.91789368e-05 4.07033223e-05 ... 1.22413123e-03
  1.30134853e-03 1.34343254e-03]
 [3.91320175e-05 4.07033223e-05 4.23906848e-05 ... 1.16183713e-03
  1.22413123e-03 1.24599944e-03]
 ...
 [1.24599944e-03 1.22413123e-03 1.16183713e-03 ... 4.23906848e-05
  4.07033223e-05 3.91320175e-05]
 [1.34343254e-03 1.30134853e-03 1.22413123e-03 ... 4.07033223e-05
  3.91789368e-05 3.77152459e-05]
 [1.49475347e-03 1.34343254e-03 1.24599944e-03 ... 3.91320175e-05
  3.77152459e-05 3.63021464e-05]] [[3.51425016e-05 3.65078868e-05 3.78774727e-05 ... 1.15157056e-03
  1.23899945e-03 1.37444543e-03]
 [3.65078868e-05 3.79236836e-05 3.94029886e-05 ... 1.13292666e-03
  1.20105790e-03 1.23899945e-03]
 [3.78774727e-05 3.94029886e-05 4.10289354e-05 ... 1.07843090e-03
  1.13292666e-03 1.15157056e-03]
 ...
 [1.15157056e-03 1.13292666e-03 1.07843090e-03 ... 4.10289354e-05
  3.94029886e-05 3.78774727e-05]
 [1.23899945e-03 1.20105790e-03 1.13292666e-03 ... 3.94029886e-05
  3.79236836e-05 3.65078868e-05]
 [1.37444543e-03 1.23899945e-03 1.15157056e-03 ... 3.78774727e-05
  3.65078868e-05 3.51425016e-05]] [[3.40002253e-05 3.53183558e-05 3.66465409e-05 ... 1.06712992e-03
  1.14595847e-03 1.26732242e-03]
 [3.53183558e-05 3.66920575e-05 3.81225825e-05 ... 1.05086166e-03
  1.11101023e-03 1.14595847e-03]
 [3.66465409e-05 3.81225825e-05 3.96938473e-05 ... 1.00369447e-03
  1.05086166e-03 1.06712992e-03]
 ...
 [1.06712992e-03 1.05086166e-03 1.00369447e-03 ... 3.96938473e-05
  3.81225825e-05 3.66465409e-05]
 [1.14595847e-03 1.11101023e-03 1.05086166e-03 ... 3.81225825e-05
  3.66920575e-05 3.53183558e-05]
 [1.26732242e-03 1.14595847e-03 1.06712992e-03 ... 3.66465409e-05
  3.53183558e-05 3.40002253e-05]] [[3.28778055e-05 3.41512376e-05 3.54383616e-05 ... 9.90999168e-04
  1.06203104e-03 1.17081692e-03]
 [3.41512376e-05 3.54831976e-05 3.68627928e-05 ... 9.75602884e-04
  1.02927454e-03 1.06203104e-03]
 [3.54383616e-05 3.68627928e-05 3.83836546e-05 ... 9.34334663e-04
  9.75602884e-04 9.90999168e-04]
 ...
 [9.90999168e-04 9.75602884e-04 9.34334663e-04 ... 3.83836546e-05
  3.68627928e-05 3.54383616e-05]
 [1.06203104e-03 1.02927454e-03 9.75602884e-04 ... 3.68627928e-05
  3.54831976e-05 3.41512376e-05]
 [1.17081692e-03 1.06203104e-03 9.90999168e-04 ... 3.54383616e-05
  3.41512376e-05 3.28778055e-05]] [[3.17727716e-05 3.30035176e-05 3.42463256e-05 ... 9.19849681e-04
  9.83836247e-04 1.07930103e-03]
 [3.30035176e-05 3.42904944e-05 3.56194484e-05 ... 9.06808338e-04
  9.54713065e-04 9.83836247e-04]
 [3.42463256e-05 3.56194484e-05 3.70952035e-05 ... 8.71013233e-04
  9.06808338e-04 9.19849681e-04]
 ...
 [9.19849681e-04 9.06808338e-04 8.71013233e-04 ... 3.70952035e-05
  3.56194484e-05 3.42463256e-05]
 [9.83836247e-04 9.54713065e-04 9.06808338e-04 ... 3.56194484e-05
  3.42904944e-05 3.30035176e-05]
 [1.07930103e-03 9.83836247e-04 9.19849681e-04 ... 3.42463256e-05
  3.30035176e-05 3.17727716e-05]] [[3.06778773e-05 3.18713601e-05 3.30743070e-05 ... 8.55202882e-04
  9.12569829e-04 9.96089494e-04]
 [3.18713601e-05 3.31178217e-05 3.43992813e-05 ... 8.44298289e-04
  8.86905533e-04 9.12569829e-04]
 [3.30743070e-05 3.43992813e-05 3.58298516e-05 ... 8.12022187e-04
  8.44298289e-04 8.55202882e-04]
 ...
 [8.55202882e-04 8.44298289e-04 8.12022187e-04 ... 3.58298516e-05
  3.43992813e-05 3.30743070e-05]
 [9.12569829e-04 8.86905533e-04 8.44298289e-04 ... 3.43992813e-05
  3.31178217e-05 3.18713601e-05]
 [9.96089494e-04 9.12569829e-04 8.55202882e-04 ... 3.30743070e-05
  3.18713601e-05 3.06778773e-05]] [[2.96013205e-05 3.07589192e-05 3.19202958e-05 ... 7.96199224e-04
  8.47567892e-04 9.20449020e-04]
 [3.07589192e-05 3.19631691e-05 3.31978115e-05 ... 7.85832972e-04
  8.25034243e-04 8.47567892e-04]
 [3.19202958e-05 3.31978115e-05 3.45783598e-05 ... 7.58212780e-04
  7.85832972e-04 7.96199224e-04]
 ...
 [7.96199224e-04 7.85832972e-04 7.58212780e-04 ... 3.45783598e-05
  3.31978115e-05 3.19202958e-05]
 [8.47567892e-04 8.25034243e-04 7.85832972e-04 ... 3.31978115e-05
  3.19631691e-05 3.07589192e-05]
 [9.20449020e-04 8.47567892e-04 7.96199224e-04 ... 3.19202958e-05
  3.07589192e-05 2.96013205e-05]] [[2.85471226e-05 2.96677680e-05 3.07789330e-05 ... 7.41317841e-04
  7.88051133e-04 8.51248708e-04]
 [2.96677680e-05 3.08211775e-05 3.20155508e-05 ... 7.31887722e-04
  7.67626631e-04 7.88051133e-04]
 [3.07789330e-05 3.20155508e-05 3.33463478e-05 ... 7.07020723e-04
  7.31887722e-04 7.41317841e-04]
 ...
 [7.41317841e-04 7.31887722e-04 7.07020723e-04 ... 3.33463478e-05
  3.20155508e-05 3.07789330e-05]
 [7.88051133e-04 7.67626631e-04 7.31887722e-04 ... 3.20155508e-05
  3.08211775e-05 2.96677680e-05]
 [8.51248708e-04 7.88051133e-04 7.41317841e-04 ... 3.07789330e-05
  2.96677680e-05 2.85471226e-05]] [[2.75085002e-05 2.85877272e-05 2.96572087e-05 ... 6.90936989e-04
  7.33305824e-04 7.87812468e-04]
 [2.85877272e-05 2.96988364e-05 3.08471105e-05 ... 6.82373172e-04
  7.14866987e-04 7.33305824e-04]
 [2.96572087e-05 3.08471105e-05 3.21256216e-05 ... 6.60470539e-04
  6.82373172e-04 6.90936989e-04]
 ...
 [6.90936989e-04 6.82373172e-04 6.60470539e-04 ... 3.21256216e-05
  3.08471105e-05 2.96572087e-05]
 [7.33305824e-04 7.14866987e-04 6.82373172e-04 ... 3.08471105e-05
  2.96988364e-05 2.85877272e-05]
 [7.87812468e-04 7.33305824e-04 6.90936989e-04 ... 2.96572087e-05
  2.85877272e-05 2.75085002e-05]] [[2.64832469e-05 2.75216611e-05 2.85482456e-05 ... 6.44168893e-04
  6.82270287e-04 7.29407422e-04]
 [2.75216611e-05 2.85892685e-05 2.96982483e-05 ... 6.36392214e-04
  6.66196915e-04 6.82270287e-04]
 [2.85482456e-05 2.96982483e-05 3.09256541e-05 ... 6.16448289e-04
  6.36392214e-04 6.44168893e-04]
 ...
 [6.44168893e-04 6.36392214e-04 6.16448289e-04 ... 3.09256541e-05
  2.96982483e-05 2.85482456e-05]
 [6.82270287e-04 6.66196915e-04 6.36392214e-04 ... 2.96982483e-05
  2.85892685e-05 2.75216611e-05]
 [7.29407422e-04 6.82270287e-04 6.44168893e-04 ... 2.85482456e-05
  2.75216611e-05 2.64832469e-05]] [[2.54726536e-05 2.64706026e-05 2.74615120e-05 ... 6.00728391e-04
  6.35062289e-04 6.75808891e-04]
 [2.64706026e-05 2.74948486e-05 2.85588274e-05 ... 5.93610712e-04
  6.21299185e-04 6.35062289e-04]
 [2.74615120e-05 2.85588274e-05 2.97441510e-05 ... 5.76291812e-04
  5.93610712e-04 6.00728391e-04]
 ...
 [6.00728391e-04 5.93610712e-04 5.76291812e-04 ... 2.97441510e-05
  2.85588274e-05 2.74615120e-05]
 [6.35062289e-04 6.21299185e-04 5.93610712e-04 ... 2.85588274e-05
  2.74948486e-05 2.64706026e-05]
 [6.75808891e-04 6.35062289e-04 6.00728391e-04 ... 2.74615120e-05
  2.64706026e-05 2.54726536e-05]] [[2.44798514e-05 2.54443833e-05 2.63958707e-05 ... 5.59945433e-04
  5.91320250e-04 6.26011353e-04]
 [2.54443833e-05 2.64287340e-05 2.74478590e-05 ... 5.53979012e-04
  5.79678228e-04 5.91320250e-04]
 [2.63958707e-05 2.74478590e-05 2.85857642e-05 ... 5.38657544e-04
  5.53979012e-04 5.59945433e-04]
 ...
 [5.59945433e-04 5.53979012e-04 5.38657544e-04 ... 2.85857642e-05
  2.74478590e-05 2.63958707e-05]
 [5.91320250e-04 5.79678228e-04 5.53979012e-04 ... 2.74478590e-05
  2.64287340e-05 2.54443833e-05]
 [6.26011353e-04 5.91320250e-04 5.59945433e-04 ... 2.63958707e-05
  2.54443833e-05 2.44798514e-05]] [[2.35051927e-05 2.44297008e-05 2.53397650e-05 ... 5.22049320e-04
  5.50690317e-04 5.80072528e-04]
 [2.44297008e-05 2.53721639e-05 2.63543477e-05 ... 5.16987853e-04
  5.39838116e-04 5.50690317e-04]
 [2.53397650e-05 2.63543477e-05 2.74400775e-05 ... 5.02585277e-04
  5.16987853e-04 5.22049320e-04]
 ...
 [5.22049320e-04 5.16987853e-04 5.02585277e-04 ... 2.74400775e-05
  2.63543477e-05 2.53397650e-05]
 [5.50690317e-04 5.39838116e-04 5.16987853e-04 ... 2.63543477e-05
  2.53721639e-05 2.44297008e-05]
 [5.80072528e-04 5.50690317e-04 5.22049320e-04 ... 2.53397650e-05
  2.44297008e-05 2.35051927e-05]] [[2.25472210e-05 2.34259332e-05 2.43084538e-05 ... 4.86804741e-04
  5.12970499e-04 5.37301939e-04]
 [2.34259332e-05 2.43403970e-05 2.52727324e-05 ... 4.82290846e-04
  5.02825690e-04 5.12970499e-04]
 [2.43084538e-05 2.52727324e-05 2.63197964e-05 ... 4.69051019e-04
  4.82290846e-04 4.86804741e-04]
 ...
 [4.86804741e-04 4.82290846e-04 4.69051019e-04 ... 2.63197964e-05
  2.52727324e-05 2.43084538e-05]
 [5.12970499e-04 5.02825690e-04 4.82290846e-04 ... 2.52727324e-05
  2.43403970e-05 2.34259332e-05]
 [5.37301939e-04 5.12970499e-04 4.86804741e-04 ... 2.43084538e-05
  2.34259332e-05 2.25472210e-05]] [[2.16050136e-05 2.24446214e-05 2.32869200e-05 ... 4.53961514e-04
  4.77873981e-04 4.97575272e-04]
 [2.24446214e-05 2.33184159e-05 2.42087230e-05 ... 4.49498821e-04
  4.68367310e-04 4.77873981e-04]
 [2.32869200e-05 2.42087230e-05 2.52194093e-05 ... 4.37870437e-04
  4.49498821e-04 4.53961514e-04]
 ...
 [4.53961514e-04 4.49498821e-04 4.37870437e-04 ... 2.52194093e-05
  2.42087230e-05 2.32869200e-05]
 [4.77873981e-04 4.68367310e-04 4.49498821e-04 ... 2.42087230e-05
  2.33184159e-05 2.24446214e-05]
 [4.97575272e-04 4.77873981e-04 4.53961514e-04 ... 2.32869200e-05
  2.24446214e-05 2.16050136e-05]]